15 0.563542 0.423307 0.044792 0.085677
15 0.697743 0.347396 0.070139 0.101042
15 0.636632 0.448307 0.075347 0.087760
15 0.499132 0.509505 0.059375 0.082552
15 0.504948 0.613802 0.027604 0.050000
15 0.571181 0.561198 0.045486 0.118229
15 0.516233 0.725521 0.038368 0.078125
15 0.582726 0.687500 0.052951 0.093229
15 0.634115 0.563281 0.038368 0.068229
15 0.766493 0.408203 0.028125 0.057552
15 0.728472 0.476042 0.043403 0.078125
15 0.698785 0.567187 0.059375 0.078125
15 0.821094 0.521484 0.047743 0.084635
15 0.775434 0.593099 0.047743 0.056510
15 0.599392 0.813932 0.065799 0.107552
15 0.651042 0.690755 0.053472 0.119531
15 0.714410 0.660937 0.036806 0.064062
15 0.809809 0.685286 0.048438 0.082552
15 0.700260 0.792318 0.067882 0.109635
15 0.764236 0.765625 0.052778 0.102083
