15 0.498843 0.782118 0.093364 0.138310
15 0.410301 0.725405 0.093750 0.153356
15 0.469329 0.599248 0.091435 0.162616
15 0.355710 0.538194 0.124228 0.236111
15 0.390818 0.206019 0.153549 0.199074
15 0.422068 0.376447 0.125772 0.207755
15 0.516590 0.313657 0.076389 0.142361
15 0.568480 0.272280 0.079861 0.122106
15 0.498264 0.148148 0.130787 0.160880
15 0.612461 0.094329 0.140818 0.187500
15 0.714892 0.200231 0.145833 0.179398
15 0.651042 0.372106 0.070602 0.087963
15 0.572531 0.641782 0.128086 0.189815
15 0.643904 0.731481 0.074846 0.129630
15 0.664159 0.623843 0.081404 0.160880
15 0.672454 0.489873 0.091049 0.124421
15 0.759452 0.564525 0.120756 0.206597
15 0.741705 0.363426 0.112269 0.158565
15 0.798611 0.274884 0.068673 0.130787
15 0.560957 0.435475 0.143519 0.205440
